"Depth" "Time" "X_1" "X_2" "Obs"
32 -772854.818965291 -1 -1.5 3.41451162220807
31.9 -772129.82435484 -0.92753707238245 -1.80526194434121 3.50272229353552
31.8 -771138.34286424 -0.881683632394388 -2.08497153536812 3.60151277198645
31.7 -769220.212574509 -0.778734047429122 -2.12114977358673 3.44749697275502
31.6 -766576.418955604 -0.651852848584837 -1.98134238958215 3.6143880360136
31.5 -766288.110401104 -0.635094048595893 -2.01340814997727 3.72580853385105
31.4 -765059.564906958 -0.544775665501503 -1.88464353774378 3.76391612903013
31.3 -762337.800285783 -0.367356449856853 -1.86491883026989 3.98644634177573
31.2 -761278.307578401 -0.200332464881403 -1.71918713236243 3.96094321662911
31.1 -759696.063362403 -0.241493450933919 -1.78525524994258 3.8583182179476
31 -758930.963061264 -0.278363263953526 -1.70853109105855 4.08782875018801
30.9 -756418.933802154 -0.195171760263887 -1.70018142580912 4.11116300212532
30.8 -755252.958442649 -0.10554502070614 -1.82843267310171 4.13037306242156
30.7 -753469.068167798 -0.0546962471939526 -1.79453943775795 4.13788200002661
30.6 -750855.197146597 -0.178200616964973 -1.87163817642444 4.14108279967948
30.5 -747348.641563701 -0.195655424125962 -1.95683912722169 4.20712420858175
30.4 -745857.295683149 -0.195765464195595 -1.66141702400809 4.01486075274839
30.3 -738500.037156567 -0.412319604460134 -1.93729280247921 3.79577938364846
30.2 -734853.556562457 -0.483758504915246 -2.0845781168389 3.61916811678882
30.1 -730927.493953349 -0.47921560093669 -1.89400445264682 3.76546268546871
30 -729694.898809109 -0.4019628256034 -2.02733093072809 3.93648341733489
29.9 -728951.721861236 -0.229494737959604 -1.9029063196782 3.99398106178249
29.8 -728126.550919748 -0.1530443007393 -1.93618435442471 4.09476378352905
29.7 -726390.66873871 -0.132639642316811 -1.93530305698538 4.0246667357033
29.6 -723583.365574505 0.141681401498687 -1.72304259451483 4.27644602510822
29.5 -720892.389541884 0.40978436610858 -1.59013036395488 4.55818230973643
29.4 -719872.524724623 0.528879273760474 -1.35587111513259 4.50607052364389
29.3 -718320.505193208 0.729646424717355 -1.51452616156088 4.68742166843413
29.2 -717833.84539958 0.742573248566139 -1.39488725151213 4.92185555705165
29.1 -716817.091371236 0.733220939461048 -1.08084562239362 4.90087654853873
29 -715619.174437028 0.684865010446733 -1.33142814966964 4.81903271212901
28.9 -713362.268662571 0.606978032336183 -0.978589697292728 4.48469365621353
28.8 -711857.902916085 0.512404757055138 -1.20510271627416 4.56252859441516
28.7 -708718.51751194 0.702686025965059 -1.46307648386858 4.82416306935189
28.6 -708006.753517463 0.7492764113014 -1.44052999394614 4.82935529436356
28.5 -705000.473427562 0.712000377723179 -1.2446425808377 4.62254330519987
28.4 -704055.782672373 0.719987520585577 -1.07342773489986 4.77650711356116
28.3 -699436.070562951 0.402117669563509 -0.963389270574714 4.562342951149
28.2 -697530.241161236 0.439005080209055 -1.26499614209837 4.5588725304785
28.1 -696640.820895385 0.440827391874186 -1.32462394308508 4.38286270705534
28 -688415.201047915 0.142935692832864 -1.48601951453469 4.40268184742734
27.9 -687581.335690731 0.200064516798166 -1.69632599350854 4.45282325333567
27.8 -686506.958945992 0.303791671709284 -1.6237648547038 4.3838977172203
27.7 -685261.249171635 0.374633480180163 -1.65505192618337 4.51437513839616
27.6 -684538.103446286 0.435299150347355 -1.62469718740273 4.69317860215231
27.5 -681415.618678592 0.675732167213847 -1.23594368849096 4.76404703421744
27.4 -676469.51773523 0.735769355888265 -0.598821252810264 4.82979080676252
27.3 -675368.799156099 0.671851865108119 -0.297063578793852 4.84628697971124
27.2 -675211.78910261 0.685679584304734 -0.263403032466426 4.87318128587728
27.1 -670792.668122181 -0.0449885556639094 1.67424290796619 4.2684864329634
27 -669165.566836315 -0.407718443605854 1.55581947884024 4.04586937214099
26.9 -667741.87604912 -0.560387280120627 1.67714649436363 3.86321339016703
26.8 -667474.145124799 -0.554164885012949 1.74848176337693 3.80037113977368
26.7 -664708.978991254 -0.967847678253671 1.45769970050223 3.39909541286439
26.6 -657955.151166241 -1.02756275685553 -2.14899994578047 3.44851877983036
26.5 -656446.940537144 -0.905044479415897 -2.10240504665975 3.42001678345969
26.4 -654860.442447424 -0.885412029356361 -2.11013721939482 3.53188077236403
26.3 -651222.587999009 -0.780486399872779 -1.96255014791154 3.40452922998859
26.2 -648618.787200082 -0.872538256406772 -2.01889620742195 3.32814094133247
26.1 -644141.637539593 -0.66853966707431 -2.17144571450439 3.51474274313174
26 -643607.08879096 -0.561107073802032 -2.08718021793226 3.81703280751156
25.9 -634826.423429806 -0.18425405038583 -1.69243730816404 4.14445493078687
25.8 -633362.639152516 -0.10696089245131 -1.84512748477047 4.01321429723017
25.7 -630065.815996823 0.0386784526326169 -1.53754693877429 4.1965150765234
25.6 -629476.007498264 0.0242630521578663 -1.5379697328413 4.18984492049073
25.5 -628356.662416107 0.158831021891643 -1.94599329247075 4.41823042368766
25.4 -627550.102732895 0.111067505841438 -1.73852488604898 4.41127672046159
25.3 -626325.578749772 -0.0408980778236599 -1.61391230348344 4.18443951116772
25.2 -620866.971798285 -0.494909915240797 -1.97426633567435 3.87497587672743
25.1 -619721.915666428 -0.47248852538187 -1.88242290884898 3.83145682123509
25 -617644.246343861 -0.579888973626548 -2.04536685346293 3.62189325916121
24.9 -616349.174079016 -0.670951355660453 -2.11943878806379 3.61796568007155
24.8 -610533.330625243 -0.392809900701797 -1.93851008047185 3.93865476504356
24.7 -605581.413070843 -0.236524347801011 -1.90759866482079 4.0910055553933
24.6 -601687.010768446 -0.082610477184232 -1.75896180005287 3.97985852870602
24.5 -600484.01089491 0.0335367627482742 -1.76029976047394 4.36202480544407
24.4 -599574.468501813 0.102681927025139 -1.707098618659 4.08539755615008
24.3 -598107.525397437 0.138571032115022 -1.54681535535113 4.3929770991907
24.2 -586297.642183439 0.816158133323325 -1.05860681200862 4.78216844064082
24.1 -585926.246362384 0.805318965654785 -1.04336281352749 4.89701805450645
24 -584801.423697796 0.710114841193738 -1.22596910127537 4.91063117202151
23.9 -582604.581478358 0.63796275328049 -1.12848772416361 4.81042190097939
23.8 -581629.59265331 0.52865976198547 -0.879849637854222 4.6366422666357
23.7 -580336.854423448 0.486285771489048 -1.19302770788587 4.57914858237862
23.6 -578503.65365709 0.18363195456967 -1.46772256264517 4.46754931570576
23.5 -574613.111926547 0.0753793514322077 -1.80797610102008 4.31430695431253
23.4 -569746.338244246 0.164702352143631 -1.63887733814932 4.43474605765664
23.3 -569263.840583842 0.128440452191568 -1.72408115675345 4.17613077513515
23.2 -567469.36545705 0.42123761034542 -1.63836606603447 4.52372257088123
23.1 -566528.061734805 0.54873210068366 -1.59527201128817 4.77128075582491
23 -560091.66570989 0.552322954655512 -0.930384007569022 4.69824595160448
22.9 -558752.058592905 0.662429988509024 -1.08849195023428 4.74752309469795
22.8 -556520.341807487 0.655514884209827 -0.996714649607758 4.55484305123365
22.7 -554802.906174453 0.633367952914653 -0.798410356371661 4.87303457250356
22.6 -553634.213740219 0.802203884042836 -0.78833875382614 4.85097280935638
22.5 -552309.008944421 0.626630881468486 -0.448730156459208 4.65593334655073
22.4 -551404.578328905 0.635402163181795 -0.413779062595048 4.83629414118252
22.3 -550169.345282136 0.519608833840865 0.299411324098081 4.74927753149876
22.2 -549536.545394235 0.528009592442755 0.554500005483657 4.73716560549122
22.1 -543426.487348386 -0.234657875964057 1.64430378932853 4.06798025425366
22 -540650.220816552 -0.618646280111055 1.45173288664876 3.73423144371813
21.9 -538957.488587348 -0.889684012529515 1.19245465603692 3.40955926081249
21.8 -535416.432401882 -1.27209511584044 0.00705632013684667 3.13716680300364
21.7 -534816.577821747 -1.30368856846289 -0.364311096496166 3.1002617224867
21.6 -533123.444801617 -1.15535192854042 -2.06628995756168 3.27672623732337
21.5 -530972.557201965 -1.04657870618484 -2.06855419457606 3.32967740123031
21.4 -528782.451546372 -0.787302628270786 -2.18105481243034 3.65100213903775
21.3 -527331.46293153 -0.807667855977778 -2.06728472479836 3.5826140095373
21.2 -524978.005532505 -0.726140104414289 -2.07233003488728 3.61987048355281
21.1 -520408.241948887 -0.499182533120048 -1.9745201263646 3.89133910995748
21 -510341.468534022 0.398561135525105 -1.4609920133015 4.62933744426886
20.9 -508165.218614389 0.398514550444071 -1.52489654084459 4.55817868025048
20.8 -505612.341367566 0.348175520048316 -1.65985926870801 4.18063904334624
20.7 -502416.269454593 0.466936658978678 -1.47946945784974 4.48489544922051
20.6 -501832.350162904 0.445729333202953 -1.53599416488986 4.4144904209303
20.5 -501481.15431459 0.435679409888559 -1.65010007955832 4.68333237283985
20.4 -500213.312517875 0.340131254017607 -1.50726313041861 4.38189130893042
20.3 -499537.855838197 0.345367903591399 -1.45604784714107 4.54081175595698
20.2 -499028.848657366 0.354154925150966 -1.48634912549171 4.42158423393164
20.1 -492745.362847544 0.489402412091476 -1.53597423475043 4.46400031136015
20 -491619.745391553 0.476093447524243 -1.40710432897873 4.57585367384921
19.9 -490463.031493325 0.446560592927568 -1.67238997105054 4.47640171890975
19.8 -486873.51433792 0.542726833296962 -1.16415463371267 4.64978339563001
19.7 -483622.268951454 0.430528886346286 -1.1876330487563 4.50318428031542
19.6 -482920.534078192 0.428197956868714 -1.35128465188277 4.45502289548082
19.5 -481751.426747256 0.422976849592489 -1.36082708710596 4.57050320692403
19.4 -479752.614408664 0.454348951319066 -1.46767521282147 4.50233921933604
19.3 -476358.342778999 0.729493847406921 -1.32156462812264 4.74888977715822
19.2 -469564.325432935 0.918940002196819 -0.864098866146467 5.05377221164224
19.1 -464981.103203508 0.611132929469824 -0.738758363612983 4.68148330155161
19 -462800.864503184 0.443399227718271 -0.661752476608291 4.48384672964421
18.9 -461572.028869532 0.358004333605185 -0.805892815897042 4.389367699109
18.8 -460551.815197936 0.309059061739839 -1.05190817950072 4.54994110609337
18.7 -459918.31864961 0.334830825676079 -1.14280446025224 4.39282941128486
18.6 -459225.179088896 0.376099723955243 -1.14590120599189 4.57387076539682
18.5 -458114.182703161 0.323203362638139 -1.35764009659617 4.56902230823094
18.4 -452945.964321143 0.420896859831253 -1.39434261596799 4.42470437677837
18.3 -452434.30297167 0.485592565088213 -1.24055091695445 4.6798835060974
18.2 -451212.298769179 0.450357904730873 -1.47895179389901 4.62088939970865
18.1 -447842.530506226 0.326087129918543 -1.10277038697943 4.44679713766247
18 -446251.46194464 0.278914978488624 -1.39028975422489 4.58090789162181
17.9 -445364.744323934 0.379450648849703 -1.38182981953236 4.5782744754593
17.8 -442680.794226922 0.428218687093976 -1.36652804209471 4.73420279335853
17.7 -436725.026049287 0.760389859637409 -1.22860037734476 4.69582010316444
17.6 -433093.029526155 0.857400749013163 -1.10889941235889 4.95203073319435
17.5 -431369.205212105 0.805901366696175 -0.850688786342371 4.79992690679002
17.4 -430724.983028941 0.833634996226034 -0.749805981939043 4.8978399757518
17.3 -430276.143058625 0.826626587231543 -0.774113229715449 4.97831672986353
17.2 -427674.153497046 0.658544554458145 -0.68176817724433 4.61341035820869
17.1 -424031.403746129 0.547820235739913 -0.284724714508271 4.50081833930584
17 -422547.116294538 0.47760110134151 -0.0382394202552305 4.56417285556549
16.9 -421093.049745967 0.421211096990787 0.251827863684526 4.39093065613116
16.8 -414703.268952453 -0.453722948620352 1.4850172547588 3.7406930490779
16.7 -414042.827865485 -0.539264174850731 1.54669118129033 3.79681206157518
16.6 -403271.803706622 -0.834094839170052 -2.03326437111739 3.8075494468853
16.5 -401450.615124576 -0.742398513654088 -2.09024077497132 3.61996760851428
16.4 -399707.808976668 -0.730704410813613 -1.9712402375428 3.67702108624038
16.3 -381032.796992956 0.208087848587945 -1.63674147408838 4.31855358408227
16.2 -371120.835295334 0.0688900734654047 -1.74327539052867 4.42791262913888
16.1 -370361.178084808 -0.0454033105682402 -1.80648991740342 4.23893759113713
16 -365294.188914173 -0.192387205884823 -1.88665284981653 4.22745021630384
15.9 -360062.202506465 -0.124521371568294 -1.8829454546314 4.26839438294636
15.8 -358659.171834769 -0.0857667267110946 -1.7268781442793 4.17142788528762
15.7 -357252.868642907 -0.0614571587761536 -1.85150162690595 4.15126142161216
15.6 -356701.44613182 -0.0658247359692954 -1.84999269677154 4.03324391854341
15.5 -352686.341308284 0.171525523712977 -1.74031160034345 4.44542614928084
15.4 -351585.206726258 0.240501773493212 -1.81335746475831 4.48535005811944
15.3 -348860.926800767 0.671957685716127 -1.61179946166947 4.8297058979072
15.2 -348612.618669335 0.696319329284573 -1.56654989781458 4.79213715621018
15.1 -346141.781674742 0.715376786334534 -1.15406463506132 4.95222239725646
15 -344565.683395948 0.742329981395725 -1.20203365038376 4.86466631588465
14.9 -342346.96429287 0.7922450144683 -0.937716927131315 4.6650175002303
14.8 -340385.23840965 0.589445407134112 -0.516434243180917 4.59267414598795
14.7 -335953.35273414 -0.0471984650643197 -1.54232719375344 4.1629709223776
14.6 -331890.922003781 -0.140283646251988 -1.56242377722534 4.06585215476977
14.5 -329279.960120725 -0.105677859870016 -1.90535876460618 4.31935680837483
14.4 -324726.142912262 0.291466847698723 -1.57341706019104 4.37655504054946
14.3 -319763.810429147 0.536106311489833 -1.33080601335182 4.69206479589096
14.2 -317299.483545745 0.730742819624724 -1.24706520799249 4.83927475938426
14.1 -314472.028404707 0.665603840702557 -1.13823827215743 4.58451628584802
14 -311363.468699141 0.704082590276428 -1.47769290235496 4.72341209363925
13.9 -309388.862837905 0.706639306680386 -1.18987230883879 4.81785509941891
13.8 -309104.349930236 0.665241942425004 -1.29748799219998 4.72221818746989
13.7 -307676.06675203 0.658885483468926 -1.1729212364689 4.76385977409283
13.6 -304725.899567922 0.767910215235372 -1.33785598778992 4.79697565191047
13.5 -303484.565280677 0.810215647954288 -1.09058939740487 4.87954682287145
13.4 -302857.635673109 0.800896539364643 -1.01952919588102 4.84417691411037
13.3 -301104.904727054 0.756212229274481 -0.993288729671447 4.83036510582269
13.2 -298491.643666485 0.749283579164975 -0.671930760772155 4.80313613428164
13.1 -296454.102310446 0.459011434231327 -0.345900373281107 4.47290610311083
13 -296052.554167156 0.384894485842661 -0.102095858334634 4.6061985777769
12.9 -294551.830146568 0.226112705500635 0.457708908583765 4.41658785285795
12.8 -287424.092350571 -0.968163891519925 0.891619624032745 3.46930921511429
12.7 -286120.112796368 -1.01714903385594 0.559381392868523 3.34326726456196
12.6 -284499.189793281 -1.12933788930977 0.0577796927994671 3.461276656036
12.5 -283655.663743628 -1.03925602139196 -0.516373143180292 3.42685270263147
12.4 -282483.1851397 -1.0470550434593 -1.70404781427186 3.4257548705428
12.3 -281159.774229746 -0.885817944092795 -1.96469409262688 3.33567898515877
12.2 -276339.093687902 -0.5086256113734 -2.0203370550886 3.7015430820858
12.1 -270983.95203855 -0.108542257866039 -1.75183457157434 4.19623071791888
12 -270443.831978804 -0.106517066348606 -1.70153656298622 4.13103147083009
11.9 -269379.880208971 -0.0129293221906055 -1.85773504791424 4.24677491185055
11.8 -268521.380518074 0.0682691788013476 -1.77529902125381 4.08259262480002
11.7 -258500.298768925 0.0917520761550503 -1.52130418490295 4.32609027059533
11.6 -256841.354919995 0.135968391473818 -1.78847378663693 4.4953719269729
11.5 -252184.728686965 -0.0700204640197604 -1.80711628793922 4.08488663305867
11.4 -250693.2035648 -0.0189496907662987 -1.68229747200851 4.25831161063978
11.3 -249163.135432707 0.0144796982492473 -1.76473860085618 4.15265595123785
11.2 -248745.507104769 -0.0409004645510401 -1.7504122737988 4.07376528342494
11.1 -246905.037165348 -0.153322152423823 -1.71585056763204 4.13620212341192
11 -245215.768142429 -0.186465222034713 -1.86873154048671 3.89893294890823
10.9 -243441.941873512 -0.386405367634715 -2.01382992506424 3.83611468403188
10.8 -239801.074555724 -0.515102623842704 -1.79364318972904 3.8458910237907
10.7 -237232.745951686 -0.335474820071874 -2.01390595363188 3.94388948395354
10.6 -235828.507565914 -0.177306114350753 -1.77243846537506 4.18160139638035
10.5 -234227.284529737 0.0312650754435131 -1.8079606327247 4.134027590339
10.4 -231975.052835279 0.258699867909126 -1.62497323167921 4.41708312077141
10.3 -231014.464404203 0.351158208659353 -1.7217332326261 4.5215637195018
10.2 -228900.087125382 0.506056620340321 -1.46578087895669 4.43085076105322
10.1 -228347.520881462 0.587688163508111 -1.46738655443565 4.84712721641893
10 -223502.137045313 0.808820353587531 -1.05941404974517 4.7117810732261
9.9 -217328.19029514 0.312501288992908 -1.17440431629724 4.51495006606016
9.8 -215795.82233494 0.23231157160939 -1.55481098780242 4.3435717770274
9.7 -208829.857730536 0.252033999920194 -1.72138245097096 4.34954764251234
9.6 -208148.874334395 0.177017992080263 -1.64316324023015 4.32436100294775
9.5 -207945.690553305 0.185967750961161 -1.68095133006791 4.44926429839209
9.4 -205941.749318886 0.230812185281844 -1.26902622866138 4.36802311935763
9.3 -203577.026745632 0.0818866956000667 -1.74816878604841 4.42204675094535
9.2 -202541.992879527 -0.00295658892545491 -1.93845629268522 4.21586815396009
9.1 -199528.698750776 -0.0690971731702707 -1.56169178576541 4.13284842135328
9 -198907.152935914 -0.0621675245293204 -1.58440988954116 4.24709144598668
8.9 -192185.663937445 0.230284332487049 -1.58695235345754 4.39494195383625
8.8 -190933.765195368 0.385523574829955 -1.58035892004209 4.4554397148837
8.7 -189647.069727743 0.587394513056878 -1.62319428814367 4.43203165343013
8.6 -188947.502654753 0.647171425922539 -1.56045708666471 4.81026466746372
8.5 -183206.918358435 1.01149892178635 0.062786716040258 5.17703029130285
8.4 -182114.389764533 0.917783966308144 0.337074145535246 4.87380894993828
8.3 -180943.328654459 0.781606939699427 1.42934469462501 4.84824217404273
8.2 -180049.095449483 0.66546524772596 1.78170107625112 4.80870055427497
8.1 -178686.824109587 0.371087684655637 1.86879035196193 4.50998643929821
8 -176884.002001492 -0.0567872167125661 1.65468494456702 4.11070320826389
7.9 -175491.854127462 -0.449963561209409 1.41987377749165 3.86526849958005
7.8 -172149.106914068 -1.2316247529684 0.690059662075709 3.1737875996994
7.7 -170296.490360099 -1.34650784831383 -0.421772418105025 2.99439675272967
7.6 -167448.790806616 -1.29160975466106 -1.9877776799939 3.09653166407974
7.5 -166368.794129382 -1.07109070061567 -2.09777007125223 3.24307723426679
7.4 -164756.142774788 -0.972598545906047 -2.13837495915244 3.6967594781478
7.3 -160902.563594248 -0.77383801206928 -2.02262408716925 3.45827411837544
7.2 -158641.570190314 -0.728940193863387 -1.83032751108969 3.68381466136676
7.1 -157320.25388763 -0.605796697601241 -1.97372649932067 3.79623528144289
7 -156703.89161086 -0.530494076204097 -1.9433993730787 3.80778516756443
6.9 -151726.00545921 -0.48567025570382 -1.88344429962859 3.61193396259023
6.8 -149970.626757307 -0.513720925833376 -1.99256077421104 3.79813370930811
6.7 -147399.80708199 -0.634449328527394 -1.89897101247431 3.61632583293786
6.6 -144232.738801097 -0.462927037519934 -2.06187761434359 3.81078535774817
6.5 -140403.899218299 0.119238712278195 -1.69325309554361 4.30460610071114
6.4 -135513.778089048 0.315946150846264 -1.51381042690045 4.20140297995483
6.3 -131119.094254033 0.10531970039261 -1.87483504784861 4.43130925243704
6.2 -128581.898673945 -0.114107435937066 -1.93893342169055 4.08319011906937
6.1 -127034.852638276 -0.270695710827662 -1.84186067166256 3.99916340285647
6 -124298.713902682 -0.325522506424556 -1.90450498313223 3.95281860793769
5.9 -123841.004957949 -0.24432906755485 -2.01883590609726 3.99377939163778
5.8 -122169.092666486 -0.13063790636231 -1.95958177706957 4.05780693415854
5.7 -121634.528759491 -0.0426784396787373 -1.89455777251975 4.19649527943596
5.6 -120407.90468359 0.0991861149041586 -1.62784878766449 4.19487943038551
5.5 -120109.79623259 0.134510528517405 -1.57148789791958 4.2965149246386
5.4 -119562.805169871 0.182403438418635 -1.64001020049716 4.33554610205551
5.3 -116445.21932131 0.467728824969206 -1.53814247627731 4.39790384328521
5.2 -115401.110935486 0.625695188686839 -1.54902266399725 4.78022349278664
5.1 -109352.391888474 0.557149487981286 -1.50422006841659 4.70843838445302
5 -108452.573884379 0.569890845743736 -1.49176495904629 4.55047821803142
4.9 -103358.387245352 0.284794763062468 -1.22316401489945 4.32789089472283
4.8 -101093.190502394 0.391908025193761 -1.54284668319257 4.63294525401359
4.7 -97269.1212533136 0.554220471167092 -1.12116423712476 4.51839734649711
4.6 -96151.4153130752 0.529637778843655 -1.21594331758969 4.60806974999158
4.5 -93706.7377298264 0.768764987541544 -1.28673738443381 4.74277377065406
4.4 -92508.7655497815 0.854033187347246 -1.27191555457446 4.9644875561304
4.3 -92093.3102806283 0.851607710326997 -1.26222642378099 4.98228747264066
4.2 -86761.0956606158 0.523565534046629 -0.946994581919539 4.77636629821729
4.1 -85236.6654492258 0.348232550190981 -0.9373481681186 4.45157811445742
4 -84927.9515075738 0.350819338163039 -0.893312149348099 4.43098197922522
3.9 -83948.4488516059 0.315824294727275 -1.11423553609858 4.15317543909144
3.8 -83132.7553075638 0.387631206871364 -1.34722529404083 4.58991495754204
3.7 -81938.4436356303 0.403999209091872 -1.36513043748324 4.59215811400443
3.6 -79118.9278289979 0.510006953441128 -1.62279988520929 4.55148036343425
3.5 -77740.0580069472 0.580848374066364 -1.34278408960739 4.58829993341407
3.4 -76892.6380330088 0.623303660699756 -1.45077601896667 4.82445622846993
3.3 -76074.0685820246 0.642974076776913 -1.50622695867745 4.88473750614468
3.2 -73663.2672807573 0.771245595582844 -1.4538719022278 4.86800293702032
3.1 -69923.3963543452 0.987345455292386 -0.929446164964657 4.81695691362159
3 -68663.0892358027 1.02211180245092 -0.690943972450039 5.00471118684028
2.9 -66644.9609484297 0.969501631500058 0.0194156434859617 4.94029155030607
2.8 -63796.8998188745 0.399560302368689 1.69772624264135 4.45766851732795
2.7 -61999.6931641835 0.0771579710470234 1.89054798416726 4.36901699322919
2.6 -60758.781303588 -0.196159211056497 1.75285570195133 4.24279524952746
2.5 -57836.103377624 -0.624284573359891 1.35293804528284 3.6591858283286
2.4 -57213.6654718627 -0.717069116938281 1.34205564508097 3.75988464842848
2.3 -50821.7618152978 -1.43255812973029 -1.23141000024582 3.03669481447993
2.2 -48678.0111768058 -1.17540770085196 -2.18426146968198 3.1876775022796
2.1 -47184.6464268859 -1.14342503556468 -2.17654180921949 3.23009809093142
2 -46831.0984449318 -1.13665605672405 -2.12995645204038 3.35312733285168
1.9 -45994.6424101209 -1.14855263791728 -2.12217289839202 3.21770274983812
1.8 -45009.5749894125 -1.05527440825385 -2.05965704817945 3.46643365121156
1.7 -38278.4113458299 -0.649670944762049 -2.02334558440266 3.62975070891573
1.6 -35487.3385082348 -0.635499983925496 -1.97840534988686 3.6939744914686
1.5 -32656.6081918773 -0.550155086922597 -2.09425347916785 3.56991313906741
1.4 -26634.2418368131 0.210025001825915 -1.86704152245588 4.24973704721447
1.3 -25776.1536018715 0.269860708360593 -1.80964730523721 4.40860723663609
1.2 -25353.4457695784 0.24757048604921 -1.64132175989168 4.44019617459183
1.1 -24666.59438739 0.322587769904475 -1.5850029118668 4.44920037035826
1 -23294.5652969901 0.491427597630622 -1.54454549707874 4.52158288268078
0.899999999999999 -22448.0652316858 0.454314302010057 -1.32834726563246 4.4643667617242
0.799999999999997 -18668.4115591047 0.504774181731118 -1.47305359058333 4.45845696769089
0.699999999999999 -16723.7078002713 0.587954859799302 -1.41268635573743 4.62174614287439
0.599999999999998 -14804.9463742056 0.481715997639613 -1.53044381882579 4.57466134983763
0.5 -13436.4244712181 0.412397762497507 -1.47578030651925 4.53908183535336
0.399999999999999 -12165.161764623 0.374359572603975 -1.38636806960897 4.65042098720775
0.299999999999997 -10944.8439604312 0.266701662000824 -1.51441462729171 4.23777642976255
0.199999999999999 -10317.22796699 0.250350580367449 -1.43240181978199 4.47309335077149
0.0999999999999979 -8667.32301532492 0.258096050455136 -1.41579776253723 4.3367655462195
0 3.27418092638254e-10 0.238082199744699 -1.77161249776945 4.33263904534363
