"Depth" "Time" "X_1" "X_2" "Obs"
32 -762596.906242571 -1 -1.5 3.39651535834585
31.9 -759376.567074289 -0.895113240501327 -2.03032874226366 3.36038670254391
31.8 -756657.829475568 -0.624038699297201 -1.86544872542816 3.83857226814852
31.7 -755889.558633197 -0.570368419851586 -1.9243049170566 3.82039583131882
31.6 -751912.86479961 -0.435923491983819 -1.86757718676256 4.02946252348769
31.5 -750716.6150576 -0.405953531640559 -1.99916883423323 3.89075453406748
31.4 -748823.97163785 -0.28424615613904 -1.725744900652 3.93288886562494
31.3 -748381.065416978 -0.251143676607882 -1.75855612925761 4.00341257232368
31.2 -745786.641516146 -0.185241446037288 -1.91070548971423 3.99492893231674
31.1 -745268.083613063 -0.232911320453902 -1.87307883367529 3.98675814705772
31 -743658.146874324 -0.320138985785891 -1.82903892099799 4.05103916499223
30.9 -738937.372032966 -0.096618049604981 -1.75352418594914 4.06612697588929
30.8 -728047.340536282 0.00253862849065403 -1.64188503564815 4.23975497891534
30.7 -726438.569481773 0.0678021994685411 -1.6284425922506 4.2654772775583
30.6 -724121.750609566 0.115073230432565 -1.58403087542618 4.28625200649033
30.5 -722921.207397524 0.070230999507522 -1.7170038432485 4.06108071019881
30.4 -721618.227483687 -0.0459533047262818 -1.79944777935444 4.21205905620373
30.3 -720989.746357657 -0.0925094157040704 -1.90478896571805 4.10700995925306
30.2 -719035.211270787 0.122907272063928 -1.8250961682779 4.53381440279261
30.1 -718307.59302692 0.187992707778262 -1.75934311212434 4.34194253438165
30 -712700.442191601 0.532185216222234 -1.12139309166824 4.72118115746045
29.9 -712124.097614282 0.585397622900139 -1.29851487930422 4.68056740617462
29.8 -710560.79787691 0.620980480514402 -1.18156898750247 4.61807572526618
29.7 -707858.073017836 0.622555499639375 -1.32472522434733 4.71069412194185
29.6 -707150.567159285 0.689450216060562 -1.19295758346715 4.79249766459006
29.5 -705821.4486528 0.581454600604845 -1.11696270462679 4.63798194578013
29.4 -704840.425299706 0.580698858604708 -1.03342860311458 4.55197498330642
29.3 -702728.83987693 0.584656744361387 -1.08647103045274 4.84313175800614
29.2 -698158.120011701 0.640986847320689 -1.32030837001278 4.66322281184672
29.1 -694566.310121481 0.525665639035763 -1.23371422937528 4.57723560239253
29 -692461.699834948 0.648805020403804 -1.24480476515238 4.58577128430507
28.9 -690167.927933133 0.687834384140818 -1.04154212824662 4.60612354188984
28.8 -687663.965207704 0.689939470158018 -0.962360825847141 4.72969791834429
28.7 -686659.627264409 0.689085835464958 -0.84550966283343 4.6873832211741
28.6 -675523.692517261 0.321496380587196 -1.54057658031512 4.52686183839464
28.5 -674804.637401995 0.362393702383412 -1.43680743783765 4.44437901653461
28.4 -674193.27409812 0.369780739015073 -1.46657565838525 4.65158004061832
28.3 -673405.490536224 0.410016166359706 -1.36928093491869 4.51838049499392
28.2 -667216.642683727 0.201268658858336 -1.44367839426944 4.34232770373976
28.1 -666564.866908797 0.201482560794688 -1.50930155215827 4.41367027773133
28 -664957.52727183 0.201400557212131 -1.63959981765847 4.50382109976082
27.9 -663093.298529125 0.206613513403225 -1.79310246651864 4.32095336732532
27.8 -661725.261674388 0.111344283330405 -1.45177698476128 4.27457037329718
27.7 -657038.849926908 0.225171746065945 -1.63742993467109 4.55945097685538
27.6 -656716.279181187 0.213720083625466 -1.58214107788506 4.38978268302985
27.5 -655830.87662775 0.225843478552806 -1.65386061463429 4.23237423046179
27.4 -654481.247876701 0.187873423589018 -1.45719796003996 4.30798013388416
27.3 -653312.343251992 0.214357940190979 -1.6378646338559 4.43570280327015
27.2 -651423.905420404 0.150901194429904 -1.44169924867812 4.3186055548841
27.1 -649572.385721996 0.189107408082469 -1.71603000600472 4.52454688586608
27 -648602.767422024 0.181019206911985 -1.72660820858415 4.38244808361408
26.9 -647316.475226642 0.254640651948584 -1.60091894664966 4.45494889412353
26.8 -646650.60369109 0.314481708753177 -1.73917129226552 4.49553693475203
26.7 -643558.914532581 0.501789519634616 -1.44089829628568 4.74676730836218
26.6 -641045.980417143 0.498535335015335 -1.0387202415613 4.72160802326633
26.5 -637460.69994674 0.535351632957094 -1.04193289287361 4.50933752876259
26.4 -634400.543244292 0.404627483000661 -1.22167179434824 4.53649789368214
26.3 -629134.763644207 0.546827059470656 -1.44505624096796 4.74967623402889
26.2 -627159.695569372 0.5847231913812 -1.58429400209988 4.76954556342553
26.1 -624911.420213914 0.69953581276366 -1.42174904159507 4.83692592916161
26 -624412.861377518 0.724697442509335 -1.42870872122077 4.78160474873539
25.9 -621879.427321062 0.872625296559583 -1.38168603467826 4.74717483928296
25.8 -620470.52302131 0.958874104037844 -1.15719376865044 5.24157212577013
25.7 -618508.894566008 0.970543247045428 -0.803942329720243 5.02359199588008
25.6 -615572.034511802 0.943687629181092 0.513518595415693 4.80166813751564
25.5 -613542.184907435 0.680285913482187 1.87274973178902 4.76290860786568
25.4 -612349.397355811 0.494526334066582 1.93506824186772 4.57989874258285
25.3 -611983.331750699 0.435421722972722 1.77930528493405 4.64690688150646
25.2 -605780.675383453 -0.489332304939547 1.53143283834324 3.81506555276702
25.1 -599460.152133369 -1.17648394754654 -0.0566703669627707 3.28684027812637
25 -597232.277626975 -1.02460773067786 -1.62899072544128 3.42560921879463
24.9 -593034.26052546 -0.930105362784977 -2.11646484758687 3.38420187457032
24.8 -591896.183533543 -0.867381649901245 -2.09229872926043 3.43347865308917
24.7 -589516.467923125 -0.74568112867585 -2.09966465817731 3.69515225008774
24.6 -586898.334635028 -0.63788256771049 -2.05432200027289 3.53984541650018
24.5 -577056.354903359 -0.373042847125326 -1.9318116744874 3.83868694486432
24.4 -576063.846387287 -0.287919760777406 -1.90808677831686 3.76580346778383
24.3 -573902.479702551 -0.224708725292666 -1.93967563699549 4.08691631951355
24.2 -572960.157959664 -0.20261283287045 -1.83299628039823 4.10407086592941
24.1 -571321.551357663 -0.114611468430168 -1.85060269839121 3.98128681343205
24 -569767.791786627 -0.0519812918643017 -1.80767113541527 4.27505551753488
23.9 -568912.441158611 -0.0332827883913598 -1.81627243251212 4.27505420434288
23.8 -567754.700318616 0.00440562844413319 -1.82940355986422 4.21258575194665
23.7 -566386.121433918 0.0586116439988812 -1.95247020980969 4.37263015939895
23.6 -564393.923883873 0.195303377372594 -1.62920478647809 4.3882779902018
23.5 -561959.856468202 0.435956903961365 -1.61405486209983 4.81808024866719
23.4 -560310.812605647 0.420496574340759 -1.45626464957781 4.47802539822271
23.3 -558936.97114236 0.371997951977075 -1.43748591103608 4.31583742664685
23.2 -557546.618861913 0.486710599248412 -1.48561757660096 4.63509317698857
23.1 -546872.539399216 0.666978013122436 -1.14399685648456 4.83898505522728
23 -545666.858881365 0.667547025331028 -1.20428415222577 4.75073240978028
22.9 -544185.436045704 0.685803264735541 -1.35473593608586 4.70850846852013
22.8 -542453.433727066 0.595046387349058 -0.977380179663904 4.7308988647374
22.7 -536216.71136832 0.512261935559491 -1.58144679725108 4.71060210585193
22.6 -533746.544782008 0.456250991499018 -1.31374839734295 4.8373978576895
22.5 -533207.265495508 0.407744721890064 -1.35026675339687 4.45431270468457
22.4 -531835.495115899 0.421533586049935 -1.45543904775063 4.46309626361875
22.3 -527920.458146754 0.538338887133668 -1.50420493923051 4.61217042265142
22.2 -526319.810660226 0.582117181078123 -1.42580929117275 4.59451753853171
22.1 -524609.172512998 0.643741151588443 -1.1186387436591 4.67384744323173
22 -520724.423036962 0.529362084245678 -1.03366810466087 4.6512913943906
21.9 -519478.561311925 0.706711616922426 -1.27356049894889 4.83775018496237
21.8 -518165.553940912 0.801870014718955 -1.1305310588102 5.03333305342138
21.7 -515325.373413713 0.758101988863265 -0.776305168930502 4.8669806511469
21.6 -513793.363749331 0.651317450982619 -0.151285402304142 4.81822817512661
21.5 -511604.901982466 0.42236182976169 0.960894481259343 4.53183247758908
21.4 -511014.711587345 0.352804570804625 1.30463888964913 4.5484272307024
21.3 -509520.788979512 0.0864387169415066 1.74678992969286 4.24516189729024
21.2 -506752.195911725 -0.461768399810681 1.75779626282087 3.78072614363801
21.1 -505711.940618406 -0.707860330892606 1.47647171873976 3.57043362329957
21 -502039.905508904 -1.15244735037088 0.580169342834465 3.12954642000815
20.9 -500824.990332094 -1.1784197828901 0.325321924166819 3.28389931087161
20.8 -499149.146122137 -1.26460270263143 -0.992409271048043 3.04213437856094
20.7 -497397.628418538 -1.24767538704377 -2.04109973410394 3.24614528139913
20.6 -495080.519778183 -1.05116502866362 -2.2067387393966 3.42688206360042
20.5 -493513.708650114 -0.839490451791477 -1.99971317976016 3.61538214389504
20.4 -492491.88095576 -0.694831229750837 -1.94174068720649 3.57283506819952
20.3 -489491.234330193 -0.636829729380154 -2.11297438103187 3.83944681076938
20.2 -486269.889426504 -0.503132936929353 -1.86461193019277 3.83917828958308
20.1 -484668.09507372 -0.555743307995506 -1.93753514301623 3.98393544076253
20 -482957.774556073 -0.534243704390152 -1.94877047206242 3.80549206139979
19.9 -480833.021814278 -0.4014436580588 -1.83819729503108 3.71872047749162
19.8 -477177.161697994 -0.34886090360394 -1.90222649596738 3.80605682422159
19.7 -476064.414633668 -0.461707333781181 -2.02008876565016 3.84094028006918
19.6 -473987.085071774 -0.396697121366326 -1.86936496573469 3.93135261740161
19.5 -473151.321870449 -0.443041615926217 -1.63682956999958 3.84761592554606
19.4 -471789.19404151 -0.372758340194124 -1.88240287439882 4.02262756096715
19.3 -471134.84586297 -0.359599640362194 -1.85826754075423 3.93015176035922
19.2 -469768.253021044 -0.284411139141129 -1.76066629138287 3.87009945235161
19.1 -468673.800483217 -0.287360765435146 -1.93662202368277 3.99910847229094
19 -467532.659795953 -0.199271630179884 -1.98823859805728 4.17893174679199
18.9 -467008.711534705 -0.166228571627352 -1.96926739254508 4.01120559445155
18.8 -465312.376115812 -0.148505938470614 -1.84428121185049 4.17699993198041
18.7 -460016.643572224 0.143966154716886 -1.64071391173371 4.37483813025043
18.6 -458326.717999685 0.159727317288181 -1.59076346498778 4.33940501876691
18.5 -456783.974115267 0.283596797630779 -1.66672835997645 4.56962395997482
18.4 -453831.467320842 0.358879182565112 -1.55773147405801 4.41772618847235
18.3 -450966.539275008 0.482181198173604 -1.1442115505652 4.45146543737949
18.2 -449245.575259797 0.475335735870636 -1.30263865386515 4.32718980188156
18.1 -440443.29044159 0.575684442774993 -1.30161948134771 4.73315748158571
18 -439706.739969283 0.624705486011262 -1.45617652074972 4.73084994499752
17.9 -436091.093903544 0.531019214033235 -1.20438721824314 4.65398190828137
17.8 -435471.734369304 0.524425474155546 -1.13176355415826 4.69866072071936
17.7 -430944.995168801 0.51958366691421 -1.24141558456446 4.51942458391934
17.6 -426778.699994293 0.521903936721458 -1.46708124436 4.49728563076636
17.5 -409069.114329339 0.56633640769658 -1.37775682545838 4.58475819283502
17.4 -406254.60769563 0.683039640790043 -1.22182962379145 4.83205218286844
17.3 -403126.375303615 0.79117219291335 -1.24431280478698 4.75297598785299
17.2 -398456.470385049 0.903338563123287 -0.669305582805574 4.75376460427284
17.1 -387981.110819908 0.137149751393711 1.93851499288243 4.15068602816021
17 -386517.317599638 -0.139435741804821 1.85604564500871 4.07643614085738
16.9 -379960.554677566 -0.987327717072687 0.917760994269875 3.39925845218172
16.8 -378581.265806753 -1.04029693842151 0.686466637008052 3.35869905185196
16.7 -377661.884012213 -1.14849803818509 0.689608178728553 3.22474358130893
16.6 -373505.009690556 -1.01595196427272 -1.95415691414801 3.1987710906732
16.5 -370579.445140892 -0.897364220208345 -2.06574386228662 3.62845034671499
16.4 -368316.088068828 -0.968440721460739 -2.07811667712834 3.46651596300786
16.3 -361435.159456212 -0.630537063829989 -2.11106853675666 3.70045572779347
16.2 -357911.239738932 -0.461943715686951 -1.90265466721245 3.72103481311896
16.1 -356347.21088607 -0.445907268227314 -1.78402860521066 3.83697115367983
16 -355525.885291463 -0.415388864700216 -1.91966676537908 3.83195378633984
15.9 -354809.77334932 -0.355809253864549 -1.80756957746523 3.93783709746928
15.8 -350930.950728201 -0.239711712678204 -1.79680053309665 3.91196725296086
15.7 -348634.272836663 -0.088258316376782 -1.72090824190409 4.05320752630538
15.6 -345903.089655186 -0.0865080187396069 -1.85902715464827 4.09819464586535
15.5 -341519.694476663 -0.0742140456493699 -1.73098509964554 4.04695225743985
15.4 -340360.565616522 -0.151687422718954 -1.86001550269696 4.27454525043111
15.3 -339344.776427329 -0.138306067031483 -1.7844223168482 4.25609770311906
15.2 -336759.437192984 -0.181123757622469 -1.82923127515511 4.10578208029381
15.1 -335591.592129795 -0.142729060692651 -2.01530185239784 4.08566554782411
15 -333861.682730011 -0.147601310289232 -1.76989639398453 4.07746781093537
14.9 -332751.035667312 -0.133308472973775 -1.81138733577522 3.99167279447998
14.8 -331780.564534431 -0.0319820404228352 -1.68839833948972 4.14663745726713
14.7 -331494.899928979 -0.015240743569354 -1.67953707553932 4.21233843361767
14.6 -329701.005936182 0.00208259793923401 -1.68870668958681 4.22159930278749
14.5 -328424.202120941 0.0176383422022981 -1.67222216359957 4.29481074913563
14.4 -327975.282689602 0.0932802367723413 -1.77265723050697 4.28777373578943
14.3 -325648.350094226 0.0150656822068139 -1.78626696314711 4.19550184848988
14.2 -314520.317528244 0.154137622956701 -1.60407767407248 4.39855614956158
14.1 -313832.072660988 0.228167148573637 -1.55749932698138 4.46290098801179
14 -311542.324888968 0.235687797003831 -1.58813537247947 4.38369796198088
13.9 -309404.588947835 0.298975014533061 -1.62951762660418 4.5228771060996
13.8 -309120.350062199 0.313791763328695 -1.50936877320155 4.56754317484351
13.7 -307694.36932068 0.394972529212177 -1.44335469400294 4.3849819791233
13.6 -305959.974017158 0.511318894387913 -1.54486031359716 4.54996273696455
13.5 -297186.034700527 0.410346067211574 -1.45234669419342 4.4666007040787
13.4 -293537.972568053 0.480334731276855 -1.37879430541598 4.4571970419137
13.3 -285946.152682307 0.392885240965034 -1.53067726145228 4.50520670352262
13.2 -284774.790449511 0.417937205561786 -1.42829733384523 4.54631011610943
13.1 -283370.193341994 0.402566781320199 -1.49625000722558 4.49471892003051
13 -278955.199507976 0.366400073466583 -1.72561783418876 4.48391988027265
12.9 -276879.016659056 0.157114853948633 -1.52257081303625 4.26268703317822
12.8 -276195.745024033 0.150419351930327 -1.591331709474 4.34207661761252
12.7 -274405.297686804 0.261384534139478 -1.41777152308974 4.46745659184237
12.6 -268853.954612273 0.342368210992237 -1.67137480154557 4.55950515442204
12.5 -266148.357433186 0.533022222103684 -1.60830728322385 4.6132355240306
12.4 -262180.069162007 0.612990373380066 -1.34394688596037 4.87109689117307
12.3 -261598.022681315 0.650878010698483 -1.26883308903103 4.69546695512018
12.2 -260304.896331456 0.55815290542855 -1.38596334978448 4.59118951768538
12.1 -254090.913771895 0.599559407776309 -1.34060553718372 4.74827864627625
12 -253520.401287583 0.579306912794923 -1.35348931759635 4.5160487413069
11.9 -252276.597964946 0.626338934634256 -1.06155307910294 4.60612572159043
11.8 -250917.12436966 0.63076645621655 -1.06294167502928 4.78918209185092
11.7 -249742.56416445 0.674537362899955 -1.23271216975921 4.74820405953298
11.6 -245927.597465752 0.612127145882629 -1.15792692170831 4.53068837340232
11.5 -245250.491633562 0.603296812813268 -1.02666183512249 4.74754494432315
11.4 -242971.953453078 0.521135675527823 -1.26220840666034 4.54139592634738
11.3 -242147.213412807 0.60654933850094 -1.38880377359174 4.60996387772868
11.2 -240835.365638462 0.664981271184096 -1.44096389601673 4.59528979356703
11.1 -237586.602312484 0.640480409928075 -1.03646814004324 4.77316952180861
11 -236534.492226619 0.594193253837199 -1.04786350251925 4.62700585459666
10.9 -234724.989447776 0.559863442633725 -0.794242322141943 4.70251188035212
10.8 -231476.098244705 0.574815270549181 -0.832531694531985 4.81575431534015
10.7 -229716.014970152 0.545523248173837 -0.547050871428522 4.70017691591772
10.6 -228920.755594792 0.498018121584298 -0.773524366114442 4.70161582901625
10.5 -227865.904082563 0.493597239159615 -0.995652416240237 4.39732440308438
10.4 -226666.470302663 0.5723888654496 -1.00349899935195 4.80269302525144
10.3 -222691.109044741 0.459305241320509 -0.457255701674156 4.71094956759524
10.2 -221853.923043068 0.394039973368572 -0.393238160062066 4.46131140693911
10.1 -221208.047810963 0.380288255481658 -0.432476127328056 4.46086324975899
10 -219854.635403035 0.290458717273459 -0.285161300847765 4.32143830214456
9.9 -217715.422224273 0.274399421519411 -0.189340380796505 4.22333861643601
9.8 -215098.063275622 0.106509764340593 -0.406822737114973 4.24264631567149
9.7 -213994.11276454 0.076727590347482 -0.59620760333686 4.21251601810307
9.6 -210138.936014667 0.0605335916455388 -1.44085459602363 4.18143196124485
9.5 -209664.672903981 0.0908164525080371 -1.46134833690042 4.20320755980006
9.4 -208110.422162026 0.0943132791372261 -1.63152005663837 4.13153890557677
9.3 -207566.723683955 0.0693783511674921 -1.73918735708847 4.21332984747087
9.2 -206543.792378426 0.18985712909502 -1.75551943483237 4.47299563590757
9.1 -202234.137604286 0.325723893008654 -1.62307303272141 4.23868322853571
9 -196301.977847882 0.354523385393031 -1.59056409854464 4.41044237152765
8.9 -190473.90525269 0.287884110613536 -1.63635458100097 4.4059606478011
8.8 -183460.565441188 0.522410339462209 -1.04362963888759 4.73054370987317
8.7 -180226.765470709 0.516915536637285 -1.12468517462475 4.49194927742079
8.6 -178089.325537833 0.720913542917411 -1.38143841080736 4.68409505170061
8.5 -175489.556996723 0.815112970955805 -1.01191070241724 4.83522877007102
8.4 -175138.278926881 0.79584820766937 -0.874305906082234 4.75287749417008
8.3 -172414.159313833 0.732751117800002 -0.510637367261066 4.85987022990302
8.2 -171739.293012662 0.673088662658142 -0.538338489520331 4.81071953395011
8.1 -170714.671026794 0.56716622364871 -0.258964743852777 4.67887586982128
8 -167074.571441743 0.263055962581353 -0.0999284948754622 4.41730332837008
7.9 -166011.946962106 0.182951238523774 -0.118728837398803 4.35091935709885
7.8 -164133.625891829 0.272206595836631 1.05844970611179 4.46182208131365
7.7 -161890.535551821 0.0481797824445124 1.83361868749381 4.25032955248093
7.6 -161368.037106046 -0.14363603183183 1.77676952063534 4.30357549577002
7.5 -159855.262700652 -0.343032408141985 1.50313587438051 4.03517927435637
7.4 -159352.897201988 -0.399586347816539 1.57749947033072 3.99533778099226
7.3 -158214.953800645 -0.63445913365399 1.19028481815188 3.66403709131713
7.2 -155939.746674792 -1.01647284331973 1.10156162653179 3.37429225721682
7.1 -153580.130435355 -1.23478552140569 0.901463689601086 3.29828786582369
7 -152831.206907421 -1.30064515758584 0.679119010732855 3.1117904613856
6.9 -152164.208895664 -1.26622205654355 0.261103072396429 3.3049749546586
6.8 -151185.6780017 -1.19177037938079 -0.68416347736996 3.25442498586427
6.7 -150686.887322243 -1.24282658966531 -1.26083897665438 3.21938572418313
6.6 -149685.532214693 -1.24869518799111 -2.09655634704907 3.17266634248459
6.5 -147514.62535283 -1.00815556074681 -2.06541619517817 3.43818941100344
6.4 -143551.107690063 -0.720078452209823 -2.13057515978001 3.565772996068
6.3 -142318.730844841 -0.653894100795885 -1.94937782044254 3.62313895621929
6.2 -141872.806836448 -0.62961930138072 -1.90942662998526 3.82161803525228
6.1 -140501.900577835 -0.570511490619519 -1.98394413042561 3.80051297908688
6 -139935.699201741 -0.588047720639666 -1.96572641098907 3.72557282667993
5.9 -137353.318262117 -0.41481996374424 -1.88776312657006 3.7285344301849
5.8 -135732.00293487 -0.382980963753155 -1.85176937919576 3.90247629294836
5.7 -135301.874433841 -0.360479561744762 -1.927666073783 3.89931390861321
5.6 -134126.080754253 -0.312127556641334 -1.98941526339356 4.07471008711574
5.5 -128985.032306805 -0.212204451630952 -1.83854212825569 3.98838154295121
5.4 -127392.548692119 -0.252104020780502 -1.8686937042794 4.08445285827199
5.3 -126635.798685563 -0.214213416989496 -1.72224035473945 3.82239697058832
5.2 -124568.869087814 -0.130505377471721 -1.63351281270598 4.05196300487701
5.1 -123276.429855622 -0.0849785963739182 -1.79263102961586 4.20147760606795
5 -120500.958115824 -0.0135209547046999 -1.85598034926893 4.36210847237191
4.9 -117922.71325967 0.0916092945659929 -1.65972791179028 4.20391473982158
4.8 -115338.871899477 0.241877576151461 -1.58029481806452 4.34299035425741
4.7 -114593.579686198 0.281795641808494 -1.60344088608492 4.36294321362577
4.6 -112846.512115627 0.28920272761295 -1.58334217047194 4.42442648270909
4.5 -108897.810666969 0.279310324034013 -1.6780373966112 4.402812740896
4.4 -105377.977682641 0.332894717876877 -1.42275760675093 4.54432509981552
4.3 -105006.776494404 0.323197982733856 -1.42637525260428 4.43739478110395
4.2 -103175.88086651 0.368216519403853 -1.29188390089255 4.53438122708185
4.1 -101910.682967947 0.422118467303287 -1.48197217211741 4.36958512526301
4 -100983.223320087 0.504658931826186 -1.33253152570965 4.64945584637703
3.9 -99887.8900865653 0.418967367239273 -1.44359382523744 4.51140602706421
3.8 -97398.4560746937 0.39002050686918 -1.18797296868702 4.55722409335493
3.7 -95841.2302920094 0.38282744509115 -1.33649333237127 4.50969644528512
3.6 -94874.3018011878 0.543888923781285 -1.38546749316643 4.72299184256557
3.5 -93835.1007756255 0.46236956916875 -1.4847411508948 4.61315025652118
3.4 -93175.525482702 0.458753687444584 -1.48635331899076 4.5790647913981
3.3 -92546.3393537564 0.460763015446238 -1.53932578084096 4.82824616163793
3.2 -90318.5815582801 0.431488484278377 -1.66250786372402 4.59186768703383
3.1 -88460.5415396814 0.393328168196365 -1.50282956360581 4.59124584476037
3 -84562.4035405852 0.718298793564916 -1.34172591500257 4.69010191680444
2.9 -83888.458912327 0.633662237794325 -1.24162349811439 4.86977598678601
2.8 -82645.7847885566 0.578348683059422 -1.16517849762027 4.6307418742799
2.7 -81048.2473886267 0.644402068162187 -0.979464589014992 4.84652977566796
2.6 -76672.9819496677 0.678269214408028 -1.32328624982891 4.71834783570977
2.5 -75690.8748121863 0.51671196897899 -1.30718419293934 4.62134542403401
2.4 -75022.2375028062 0.424591022518868 -1.44056019669119 4.45934429383603
2.3 -72280.8939897215 0.45977737586706 -1.45947988259579 4.64685239689564
2.2 -71641.0311734922 0.466802933259549 -1.42868488676271 4.64035169396051
2.1 -60254.5622646981 0.605958814704058 -1.2646859999295 4.79664212394801
2 -57998.2335272128 0.746889332669894 -1.3617416583483 4.80343355649384
1.9 -57386.2149378278 0.700644379915701 -1.31025479177319 4.87874613475751
1.8 -47585.4535764513 0.661870610437799 -1.16032862282169 4.63805459373094
1.7 -41785.8860119972 0.524007430961272 -1.33670928890526 4.52751797925505
1.6 -38998.4359357039 0.5157811472416 -1.35225816245583 4.68297688988665
1.5 -34648.7900919001 0.630032856712565 -1.37423453155062 4.53853471300495
1.4 -31008.4758988282 0.476098082209378 -1.12761722538729 4.4721702015166
1.3 -26537.1506319727 0.527430933594033 -1.15322573674522 4.67717467236839
1.2 -20617.0332161438 0.447877401456252 -0.645781422912742 4.58149812476487
1.1 -17711.1623865564 0.388298234079176 -0.704291724784158 4.54197282319343
1 -17267.1432527243 0.394926576276224 -0.731521019936423 4.59688791581049
0.899999999999999 -14079.0459287325 0.345034447118668 -0.952541485243239 4.31401725463346
0.799999999999997 -12965.9451284685 0.34227361215865 -1.2889485856105 4.5540047318031
0.699999999999999 -12408.7866102904 0.355475450416467 -1.42378588624235 4.52097197809275
0.599999999999998 -10793.4797115047 0.459308370512259 -1.38124262517869 4.44987208088817
0.5 -8839.59481819697 0.497919010220305 -1.30696748876063 4.6259413891875
0.399999999999999 -8236.12867186156 0.603842517957345 -1.26613791283191 4.80922081052291
0.299999999999997 -4792.6300205967 0.611117084676012 -1.3303026374115 4.47563007453757
0.199999999999999 -3611.6652947625 0.576452299165216 -1.41359316371736 4.77235514498718
0.0999999999999979 -751.880564277812 0.583878550650806 -1.28837130771414 4.68083529002023
0 5.97765392740257e-10 0.526124456289931 -1.34280760339239 4.64694043741878
